FORWARD
################ STEP START ################ None
kernel =  [[0.0932879746 -0.144233182 ... -0.145756]
            ...
          [0.000231308295 0.0871282518  ... -0.00966787618]]
recurrent_kernel =  [[0.0267388225 0.0570391603 ... -0.026566]
                      ...
                    [0.169444546 0.0688239485 ... 0.149773777]]
bias =  [[-0.000757447735 -0.0133075612 ... -0.0341367535]
         [-0.000757447735 -0.0133075612 ... -0.0344822928]]
input_bias =  [-0.000757447735 -0.0133075612 ... -0.0341367535]
recurrent_bias =  [-0.000757447735 -0.0133075612 ... -0.0344822928]
cell_inputs =  [[2.94005227 1.59340334 0.651143193 0 1.25801563 0 0 1.0002234 3.68263268 3.6166966 2.76689863 2.90636492 1.55160475 2.82882142 1.35410297 1.39407909 2.01840949 3.69897246 0.215676621 4.9610219 3.4781189 1.29466581 3.97459626 2.76582384 2.17489839 2.37110734 2.36327696 2.7665596 0 3.34864306 2.28292418 2.10686278 3.73279858 1.80411124 3.61084318 0.375092179 0.907938659 1.98904157 5.10055113 1.68302846 3.37589812 2.39657807 3.0570755 3.09587789 0.830785275 0.556152 1.91689277 2.3446641 2.8232615 5.19384289 2.51104665 1.89767981 2.97232866 3.08329582 1.06611454 0.707317531 1.66915548 1.69555128 1.83459949 3.21037865 1.72239161 1.9492197 0.742589295 1.23893547]]
cell_states =  ([[0 0 0 0 0 0 0 0 0 0 0 0 0 0 0 0 0 0 0 0 0 0 0 0 0 0 0 0 0 0 0 0 0 0 0 0 0 0 0 0 0 0 0 0 0 0 0 0 0 0 0 0 0 0 0 0 0 0 0 0 0 0 0 0]],)
------------------------------------------- None
h_tm1 =  [[0 0 0 0 0 0 0 0 0 0 0 0 0 0 0 0 0 0 0 0 0 0 0 0 0 0 0 0 0 0 0 0 0 0 0 0 0 0 0 0 0 0 0 0 0 0 0 0 0 0 0 0 0 0 0 0 0 0 0 0 0 0 0 0]]
matrix_x (dot) =  [[-3.14971566 -5.41428471 4.95489454 2.59971523 -2.85842 -4.48628616 2.18508673 1.6986773 -8.52098751 3.36464095 -3.13577795 -4.40753937 -3.61773658 2.75517559 1.59339237 -4.25810051 -1.57266533 -5.27177048 -3.05969262 4.39315748 -4.56313038 9.83978176 -5.31744146 -5.43057871 -2.36443329 -2.80692482 -2.81704617 -3.98144269 -3.87744498 -4.47657681 3.21689296 -4.78144884 9.28066921 6.50761747 -0.485603 1.11547756 -2.69752073 -4.82265854 -6.94006157 2.95162082 -6.64922428 0.318403512 2.69164824 -5.92004871 2.75421 2.1653533 -3.95807576 2.5258677 -3.60083199 -0.163286477 1.36599278 -1.74055421 -2.31302118 4.72017145 10.8764877 0.419391811 -3.37315416 5.49972916 -3.93246317 1.85934567 6.01438808 1.31036806 -0.178447098 -1.34099305 -1.47575033 -0.672551751 -0.641882777 -1.76287973 3.09698749 -1.82446814 -0.989546776 -4.20521116 3.22838163 0.693795681 4.76154852 1.03050649 -1.79247034 -3.09384799 -3.88238883 -3.82856488 4.47021103 0.601799428 -0.198943466 -3.7292192 -0.157919019 2.18719101 -2.77714539 2.85100317 -0.939179242 6.26611328 -3.77241778 -0.701445401 -3.61851192 -3.40395403 4.68942976 -3.45720291 -1.90705752 2.80417871 -4.56758738 0.28258732 2.4914887 -3.3789649 3.08982325 -3.4057951 -2.62834525 -2.35254526 2.26145697 -3.38904071 -3.35639977 -0.469583511 -2.95216203 6.0465889 -4.75436687 0.175867543 3.10512877 -2.22043729 -3.63824 -5.55522871 4.44519854 -1.33104014 0.929265857 -2.19713306 -2.59926867 -1.40715063 -1.11804211 6.47140408 6.02594423 2.64384079 -0.603110671 0.126553953 -2.79844785 0.317768604 1.90715361 -1.9123131 1.74064255 -0.89672792 9.77393723 0.828708887 -5.00716972 1.74880636 0.652244568 -0.624007702 1.10472369 -1.83381033 -0.398674846 2.55554676 2.05502701 0.902284622 0.94033134 5.46323872 -0.533507645 0.656113207 1.18955433 -0.898892581 -0.0333696455 3.81089377 -1.57573414 1.82868564 0.401392281 -2.58671594 -0.117786184 -1.27507508 -0.0719113722 -0.243803158 0.651194572 -2.04767036 -5.71357965 3.08087158 0.0595443249 -2.34013844 0.625172 -0.00845551491 -1.16895843 0.136285663 1.03789914 -2.25484776 0.28096956 1.88382649 3.51546144 0.506668508 -0.00721193664 -0.650156558 0.939963818 0.683546901 1.2694 1.1306864 0.410406113 -0.290109634 -4.38845444 1.73907924 1.31955874 -5.66284513]]
matrix_x (bias_add) =  [[-3.15047312 -5.42759228 4.96885633 2.62639856 -2.87594819 -4.51416063 2.19086027 1.72268593 -8.57536602 3.4155829 -3.12802911 -4.43593359 -3.62105727 2.8138659 1.62820733 -4.26496649 -1.56339204 -5.27991295 -3.07064533 4.39925766 -4.55814552 9.85839081 -5.32888079 -5.47434235 -2.38673353 -2.80305028 -2.81945443 -3.98716021 -3.9158144 -4.5028882 3.25524545 -4.80394125 9.32662678 6.5826869 -0.435091913 1.09649634 -2.70481968 -4.85086632 -6.98564243 2.95029068 -6.67651176 0.321567535 2.7489903 -5.94899368 2.82834339 2.20924377 -3.97783065 2.51835394 -3.61499524 -0.14058651 1.3720485 -1.73845851 -2.31029677 4.7733 10.9694452 0.400410026 -3.37028241 5.52472973 -3.93192506 1.92079782 6.02538776 1.33165205 -0.181779921 -1.34076512 -1.47840106 -0.685559571 -0.634883344 -1.76428735 3.14061809 -1.84869766 -1.01452982 -4.23358345 3.24855566 0.724537373 4.78358269 1.03690934 -1.75488591 -3.10059738 -3.89626122 -3.82867932 4.47655058 0.558798 -0.200728238 -3.73145533 -0.133357763 2.22261167 -2.78689694 2.82740402 -0.972135544 6.30217075 -3.79674315 -0.721223891 -3.6212914 -3.43511367 4.67861 -3.47476196 -1.95154834 2.83583879 -4.60724974 0.24686417 2.51835036 -3.39075565 3.12113237 -3.42507386 -2.62855983 -2.3503778 2.28783512 -3.37669086 -3.37325311 -0.461571187 -2.90305424 6.07433 -4.76228571 0.148027807 3.12856746 -2.25237107 -3.64867568 -5.58512449 4.45966482 -1.33033895 0.940196276 -2.23503137 -2.61806083 -1.44153559 -1.13267386 6.51774359 6.06055737 2.66644335 -0.580481827 0.0841360092 -2.78799963 0.302173644 1.86946964 -1.9338001 1.71991706 -0.887211084 9.80817413 0.825185537 -5.03631115 1.78245401 0.715520442 -0.621521115 1.10856199 -1.85501027 -0.423556834 2.53492856 2.08851647 0.888857961 0.898873389 5.46786642 -0.551765263 0.677578449 1.15302241 -0.850632668 -0.00750898942 3.82401299 -1.53788269 1.79232752 0.40547055 -2.61256886 -0.152938962 -1.26763272 -0.0531017594 -0.260687292 0.615509331 -2.07673168 -5.75791597 3.08703637 0.0214923248 -2.31944418 0.626228452 0.0154407993 -1.15149617 0.15112178 0.993772864 -2.28844118 0.247296929 1.86854172 3.54003596 0.530737162 -0.00133645954 -0.650112629 0.945282221 0.673710763 1.29150629 1.13564408 0.396768063 -0.288913459 -4.4049387 1.69206131 1.30305052 -5.69698191]]
tf.split =  [[[-3.15047312 -5.42759228 4.96885633 2.62639856 -2.87594819 -4.51416063 2.19086027 1.72268593 -8.57536602 3.4155829 -3.12802911 -4.43593359 -3.62105727 2.8138659 1.62820733 -4.26496649 -1.56339204 -5.27991295 -3.07064533 4.39925766 -4.55814552 9.85839081 -5.32888079 -5.47434235 -2.38673353 -2.80305028 -2.81945443 -3.98716021 -3.9158144 -4.5028882 3.25524545 -4.80394125 9.32662678 6.5826869 -0.435091913 1.09649634 -2.70481968 -4.85086632 -6.98564243 2.95029068 -6.67651176 0.321567535 2.7489903 -5.94899368 2.82834339 2.20924377 -3.97783065 2.51835394 -3.61499524 -0.14058651 1.3720485 -1.73845851 -2.31029677 4.7733 10.9694452 0.400410026 -3.37028241 5.52472973 -3.93192506 1.92079782 6.02538776 1.33165205 -0.181779921 -1.34076512]], [[-1.47840106 -0.685559571 -0.634883344 -1.76428735 3.14061809 -1.84869766 -1.01452982 -4.23358345 3.24855566 0.724537373 4.78358269 1.03690934 -1.75488591 -3.10059738 -3.89626122 -3.82867932 4.47655058 0.558798 -0.200728238 -3.73145533 -0.133357763 2.22261167 -2.78689694 2.82740402 -0.972135544 6.30217075 -3.79674315 -0.721223891 -3.6212914 -3.43511367 4.67861 -3.47476196 -1.95154834 2.83583879 -4.60724974 0.24686417 2.51835036 -3.39075565 3.12113237 -3.42507386 -2.62855983 -2.3503778 2.28783512 -3.37669086 -3.37325311 -0.461571187 -2.90305424 6.07433 -4.76228571 0.148027807 3.12856746 -2.25237107 -3.64867568 -5.58512449 4.45966482 -1.33033895 0.940196276 -2.23503137 -2.61806083 -1.44153559 -1.13267386 6.51774359 6.06055737 2.66644335]], [[-0.580481827 0.0841360092 -2.78799963 0.302173644 1.86946964 -1.9338001 1.71991706 -0.887211084 9.80817413 0.825185537 -5.03631115 1.78245401 0.715520442 -0.621521115 1.10856199 -1.85501027 -0.423556834 2.53492856 2.08851647 0.888857961 0.898873389 5.46786642 -0.551765263 0.677578449 1.15302241 -0.850632668 -0.00750898942 3.82401299 -1.53788269 1.79232752 0.40547055 -2.61256886 -0.152938962 -1.26763272 -0.0531017594 -0.260687292 0.615509331 -2.07673168 -5.75791597 3.08703637 0.0214923248 -2.31944418 0.626228452 0.0154407993 -1.15149617 0.15112178 0.993772864 -2.28844118 0.247296929 1.86854172 3.54003596 0.530737162 -0.00133645954 -0.650112629 0.945282221 0.673710763 1.29150629 1.13564408 0.396768063 -0.288913459 -4.4049387 1.69206131 1.30305052 -5.69698191]]]
x_z =  [[-3.15047312 -5.42759228 4.96885633 2.62639856 -2.87594819 -4.51416063 2.19086027 1.72268593 -8.57536602 3.4155829 -3.12802911 -4.43593359 -3.62105727 2.8138659 1.62820733 -4.26496649 -1.56339204 -5.27991295 -3.07064533 4.39925766 -4.55814552 9.85839081 -5.32888079 -5.47434235 -2.38673353 -2.80305028 -2.81945443 -3.98716021 -3.9158144 -4.5028882 3.25524545 -4.80394125 9.32662678 6.5826869 -0.435091913 1.09649634 -2.70481968 -4.85086632 -6.98564243 2.95029068 -6.67651176 0.321567535 2.7489903 -5.94899368 2.82834339 2.20924377 -3.97783065 2.51835394 -3.61499524 -0.14058651 1.3720485 -1.73845851 -2.31029677 4.7733 10.9694452 0.400410026 -3.37028241 5.52472973 -3.93192506 1.92079782 6.02538776 1.33165205 -0.181779921 -1.34076512]]
x_r =  [[-1.47840106 -0.685559571 -0.634883344 -1.76428735 3.14061809 -1.84869766 -1.01452982 -4.23358345 3.24855566 0.724537373 4.78358269 1.03690934 -1.75488591 -3.10059738 -3.89626122 -3.82867932 4.47655058 0.558798 -0.200728238 -3.73145533 -0.133357763 2.22261167 -2.78689694 2.82740402 -0.972135544 6.30217075 -3.79674315 -0.721223891 -3.6212914 -3.43511367 4.67861 -3.47476196 -1.95154834 2.83583879 -4.60724974 0.24686417 2.51835036 -3.39075565 3.12113237 -3.42507386 -2.62855983 -2.3503778 2.28783512 -3.37669086 -3.37325311 -0.461571187 -2.90305424 6.07433 -4.76228571 0.148027807 3.12856746 -2.25237107 -3.64867568 -5.58512449 4.45966482 -1.33033895 0.940196276 -2.23503137 -2.61806083 -1.44153559 -1.13267386 6.51774359 6.06055737 2.66644335]]
x_h =  [[-0.580481827 0.0841360092 -2.78799963 0.302173644 1.86946964 -1.9338001 1.71991706 -0.887211084 9.80817413 0.825185537 -5.03631115 1.78245401 0.715520442 -0.621521115 1.10856199 -1.85501027 -0.423556834 2.53492856 2.08851647 0.888857961 0.898873389 5.46786642 -0.551765263 0.677578449 1.15302241 -0.850632668 -0.00750898942 3.82401299 -1.53788269 1.79232752 0.40547055 -2.61256886 -0.152938962 -1.26763272 -0.0531017594 -0.260687292 0.615509331 -2.07673168 -5.75791597 3.08703637 0.0214923248 -2.31944418 0.626228452 0.0154407993 -1.15149617 0.15112178 0.993772864 -2.28844118 0.247296929 1.86854172 3.54003596 0.530737162 -0.00133645954 -0.650112629 0.945282221 0.673710763 1.29150629 1.13564408 0.396768063 -0.288913459 -4.4049387 1.69206131 1.30305052 -5.69698191]]
matrix_inner (dot) =  [[0 0 0 0 0 0 0 0 0 0 0 0 0 0 0 0 0 0 0 0 0 0 0 0 0 0 0 0 0 0 0 0 0 0 0 0 0 0 0 0 0 0 0 0 0 0 0 0 0 0 0 0 0 0 0 0 0 0 0 0 0 0 0 0 0 0 0 0 0 0 0 0 0 0 0 0 0 0 0 0 0 0 0 0 0 0 0 0 0 0 0 0 0 0 0 0 0 0 0 0 0 0 0 0 0 0 0 0 0 0 0 0 0 0 0 0 0 0 0 0 0 0 0 0 0 0 0 0 0 0 0 0 0 0 0 0 0 0 0 0 0 0 0 0 0 0 0 0 0 0 0 0 0 0 0 0 0 0 0 0 0 0 0 0 0 0 0 0 0 0 0 0 0 0 0 0 0 0 0 0 0 0 0 0 0 0 0 0 0 0 0 0]]
matrix_inner (bias_add) =  [[-0.000757447735 -0.0133075612 0.0139615592 0.0266832579 -0.017528249 -0.0278742816 0.00577343907 0.0240086578 -0.0543788783 0.0509419553 0.00774886366 -0.0283939913 -0.00332062179 0.0586903691 0.0348149054 -0.00686576264 0.00927328 -0.00814256817 -0.0109526897 0.0060999766 0.00498468336 0.0186091885 -0.011439207 -0.0437637828 -0.0223001502 0.00387449935 -0.00240827282 -0.00571762072 -0.0383693464 -0.0263113715 0.038352605 -0.0224925112 0.0459573343 0.0750694498 0.0505111068 -0.0189812649 -0.00729887 -0.0282076988 -0.0455809757 -0.00133017439 -0.027287269 0.00316401315 0.0573419817 -0.0289449822 0.0741333365 0.0438904 -0.0197548904 -0.00751374476 -0.0141631477 0.0226999633 0.00605571689 0.00209575286 0.00272435741 0.0531288236 0.0929577276 -0.0189817753 0.00287169078 0.0250004735 0.000538150722 0.0614521913 0.0109994449 0.0212839618 -0.0033328291 0.000227896948 -0.00265074056 -0.0130078159 0.00699943444 -0.00140766124 0.0436306223 -0.0242295749 -0.0249830149 -0.0283723604 0.0201739669 0.0307416674 0.0220341031 0.00640281849 0.0375843756 -0.00674927607 -0.0138722844 -0.000114455899 0.0063396343 -0.0430014208 -0.00178477343 -0.00223623216 0.0245612506 0.0354206637 -0.0097516505 -0.0235990435 -0.0329563059 0.0360576361 -0.0243253857 -0.0197785106 -0.00277942186 -0.0311597548 -0.0108198663 -0.0175591651 -0.0444907583 0.0316601656 -0.039662566 -0.0357231461 0.0268615596 -0.011790771 0.0313090347 -0.0192788467 -0.00021448551 0.00216745329 0.0263781361 0.0123497844 -0.0168532748 0.00801233668 0.049107708 0.0277410187 -0.0079187071 -0.0278397333 0.0234385971 -0.03193371 -0.0104355616 -0.029895559 0.0144662475 0.000701223 0.010930418 -0.0378983393 -0.0187921338 -0.034384951 -0.0146317231 0.0463394709 0.0346131437 0.0226026531 0.00643104222 -0.0188110489 0.00731798355 -0.00203003944 -0.0308143254 -0.0448767394 -0.0130269537 0.0231109094 0.0315222293 -0.0153573416 -0.0296061989 0.0217850525 0.0915218517 0.00653002271 0.0070268251 -0.0375619 -0.0208719503 -0.0136008551 0.0354694948 -0.0422666483 -0.0494658537 0.00531207398 -0.0125985323 0.0113235693 -0.01219662 0.0455890149 0.00673948973 0.0156435017 0.0518453978 -0.0285970569 0.00409328239 -0.0248128809 -0.00581626128 0.0113457479 0.0329018123 -0.0192631613 -0.0306407157 -0.0269572586 -0.055080466 0.0179083794 -0.028056385 0.0307280701 0.00355997868 0.0280005094 0.0175706483 0.01110614 -0.0625181571 -0.0330000818 -0.0200767703 -0.00322522759 0.0337953 0.0108124698 0.0333074369 -0.00960792508 0.0032982938 -0.0157431234 0.0165362228 0.00589502044 -0.00541091291 -0.00300202123 -0.0128995841 -0.0431701615 -0.0138799045 -0.0344822928]]
recurrent_z =  [[-0.000757447735 -0.0133075612 0.0139615592 0.0266832579 -0.017528249 -0.0278742816 0.00577343907 0.0240086578 -0.0543788783 0.0509419553 0.00774886366 -0.0283939913 -0.00332062179 0.0586903691 0.0348149054 -0.00686576264 0.00927328 -0.00814256817 -0.0109526897 0.0060999766 0.00498468336 0.0186091885 -0.011439207 -0.0437637828 -0.0223001502 0.00387449935 -0.00240827282 -0.00571762072 -0.0383693464 -0.0263113715 0.038352605 -0.0224925112 0.0459573343 0.0750694498 0.0505111068 -0.0189812649 -0.00729887 -0.0282076988 -0.0455809757 -0.00133017439 -0.027287269 0.00316401315 0.0573419817 -0.0289449822 0.0741333365 0.0438904 -0.0197548904 -0.00751374476 -0.0141631477 0.0226999633 0.00605571689 0.00209575286 0.00272435741 0.0531288236 0.0929577276 -0.0189817753 0.00287169078 0.0250004735 0.000538150722 0.0614521913 0.0109994449 0.0212839618 -0.0033328291 0.000227896948]]
recurrent_r =  [[-0.00265074056 -0.0130078159 0.00699943444 -0.00140766124 0.0436306223 -0.0242295749 -0.0249830149 -0.0283723604 0.0201739669 0.0307416674 0.0220341031 0.00640281849 0.0375843756 -0.00674927607 -0.0138722844 -0.000114455899 0.0063396343 -0.0430014208 -0.00178477343 -0.00223623216 0.0245612506 0.0354206637 -0.0097516505 -0.0235990435 -0.0329563059 0.0360576361 -0.0243253857 -0.0197785106 -0.00277942186 -0.0311597548 -0.0108198663 -0.0175591651 -0.0444907583 0.0316601656 -0.039662566 -0.0357231461 0.0268615596 -0.011790771 0.0313090347 -0.0192788467 -0.00021448551 0.00216745329 0.0263781361 0.0123497844 -0.0168532748 0.00801233668 0.049107708 0.0277410187 -0.0079187071 -0.0278397333 0.0234385971 -0.03193371 -0.0104355616 -0.029895559 0.0144662475 0.000701223 0.010930418 -0.0378983393 -0.0187921338 -0.034384951 -0.0146317231 0.0463394709 0.0346131437 0.0226026531]]
recurrent_h =  [[0.00643104222 -0.0188110489 0.00731798355 -0.00203003944 -0.0308143254 -0.0448767394 -0.0130269537 0.0231109094 0.0315222293 -0.0153573416 -0.0296061989 0.0217850525 0.0915218517 0.00653002271 0.0070268251 -0.0375619 -0.0208719503 -0.0136008551 0.0354694948 -0.0422666483 -0.0494658537 0.00531207398 -0.0125985323 0.0113235693 -0.01219662 0.0455890149 0.00673948973 0.0156435017 0.0518453978 -0.0285970569 0.00409328239 -0.0248128809 -0.00581626128 0.0113457479 0.0329018123 -0.0192631613 -0.0306407157 -0.0269572586 -0.055080466 0.0179083794 -0.028056385 0.0307280701 0.00355997868 0.0280005094 0.0175706483 0.01110614 -0.0625181571 -0.0330000818 -0.0200767703 -0.00322522759 0.0337953 0.0108124698 0.0333074369 -0.00960792508 0.0032982938 -0.0157431234 0.0165362228 0.00589502044 -0.00541091291 -0.00300202123 -0.0128995841 -0.0431701615 -0.0138799045 -0.0344822928]]
x_z + recurrent_z =  [[-3.15123057 -5.4409 4.98281813 2.65308189 -2.89347649 -4.5420351 2.19663382 1.74669456 -8.62974453 3.46652484 -3.12028027 -4.46432781 -3.62437797 2.87255621 1.66302228 -4.27183247 -1.55411875 -5.28805542 -3.08159804 4.40535784 -4.55316067 9.877 -5.34032 -5.51810598 -2.40903378 -2.79917574 -2.8218627 -3.99287772 -3.95418382 -4.5291996 3.29359794 -4.82643366 9.37258434 6.65775633 -0.384580791 1.07751513 -2.71211863 -4.8790741 -7.0312233 2.94896054 -6.70379925 0.324731559 2.80633235 -5.97793865 2.90247679 2.25313425 -3.99758554 2.51084018 -3.6291585 -0.117886543 1.37810421 -1.73636281 -2.30757236 4.82642889 11.0624027 0.381428242 -3.36741066 5.5497303 -3.93138695 1.98225 6.03638744 1.35293603 -0.185112745 -1.34053719]]
z =  [[0.0410428159 0.00431686454 0.993191957 0.934200704 0.052476991 0.0105394442 0.899946809 0.85153538 0.000178678369 0.969720125 0.0422784239 0.0113814045 0.025973089 0.946473 0.840643287 0.0137640908 0.174492195 0.00502618356 0.0438727327 0.987935603 0.0104240533 0.99994868 0.00477146 0.00399739901 0.0824864134 0.0573687367 0.0561541282 0.0181124415 0.0188135728 0.0106741423 0.964208543 0.00795132481 0.999915 0.998717606 0.405022532 0.746023476 0.0622620396 0.00754666654 0.000883069471 0.950214326 0.0012247425 0.58047694 0.943017066 0.00252763927 0.947968721 0.904920518 0.0180289056 0.924898267 0.0258524232 0.470562458 0.798686385 0.149775505 0.090497762 0.992048621 0.999984324 0.594217539 0.0333296321 0.996126533 0.0192390457 0.878920794 0.997615516 0.794609249 0.453853548 0.207421735]]
x_r + recurrent_r =  [[-1.4810518 -0.69856739 -0.627883911 -1.76569498 3.18424869 -1.87292719 -1.03951287 -4.26195574 3.26872969 0.755279064 4.80561686 1.04331219 -1.71730149 -3.10734677 -3.9101336 -3.82879376 4.48289 0.515796602 -0.202513009 -3.73369145 -0.108796515 2.25803232 -2.7966485 2.80380487 -1.00509191 6.33822823 -3.82106853 -0.741002381 -3.62407088 -3.46627331 4.66779 -3.49232101 -1.99603915 2.86749887 -4.6469121 0.21114102 2.54521203 -3.40254641 3.1524415 -3.44435263 -2.6287744 -2.34821033 2.31421328 -3.36434102 -3.39010644 -0.453558862 -2.85394645 6.10207081 -4.77020454 0.120188072 3.15200615 -2.28430486 -3.65911126 -5.61502028 4.47413111 -1.32963777 0.951126695 -2.27292967 -2.63685298 -1.47592056 -1.14730561 6.5640831 6.0951705 2.68904591]]
r =  [[0.185268596 0.332129925 0.347990513 0.146078527 0.960237205 0.133203387 0.261244 0.0138988104 0.963340342 0.680327892 0.991882801 0.739488602 0.152219072 0.0428052247 0.0196441989 0.0212734248 0.98882556 0.626164377 0.449544072 0.0233463496 0.472827673 0.905341148 0.0575055555 0.942881107 0.267941475 0.998235703 0.0214348659 0.322785 0.0259808581 0.0302872434 0.990694404 0.0295315124 0.119619422 0.946216226 0.00950005651 0.55259 0.92725122 0.032215979 0.959004819 0.0309377238 0.0673093498 0.0872081295 0.910047352 0.0334286764 0.0326061 0.388514966 0.0544776805 0.997766793 0.00840736274 0.530010879 0.958987713 0.0924311951 0.0251087081 0.00362951495 0.988728344 0.209219277 0.721341729 0.0933898687 0.0668039545 0.186044395 0.240981564 0.99859184 0.997751355 0.936377168]]
x_h + r * recurrent_h =  [[-0.57929033 0.0778882951 -2.78545308 0.301877111 1.83988059 -1.93977785 1.71651387 -0.886889875 9.83854103 0.814737499 -5.06567717 1.79856384 0.729451835 -0.62124157 1.1087 -1.85580933 -0.444195539 2.52641225 2.10446167 0.887871206 0.875484586 5.4726758 -0.552489758 0.68825525 1.14975441 -0.805124104 -0.00736452918 3.82906246 -1.53653574 1.79146135 0.409525752 -2.61330152 -0.153634697 -1.25689721 -0.0527891889 -0.271331936 0.587097704 -2.07760024 -5.81073856 3.08759046 0.0196038671 -2.31676435 0.629468203 0.0163768195 -1.15092325 0.15543668 0.990367 -2.3213675 0.247128144 1.86683226 3.57244515 0.531736553 -0.000500152819 -0.650147498 0.94854331 0.670417 1.30343461 1.13619459 0.396406591 -0.289471954 -4.4080472 1.64895189 1.28920186 -5.72927046]]
hh =  [[-0.522149444 0.0777311623 -0.992414832 0.293029457 0.950783551 -0.959516406 0.937441826 -0.709854186 1 0.672195435 -0.999920309 0.946657121 0.622729897 -0.55199194 0.803602457 -0.952290058 -0.417116076 0.987298727 0.970710635 0.710340679 0.70415 0.999964774 -0.502383947 0.59686 0.81767267 -0.666891694 -0.00736439507 0.99905622 -0.911536336 0.945914567 0.388069957 -0.989314079 -0.152437225 -0.850206435 -0.0527402 -0.264863759 0.52780503 -0.969119 -0.999982178 0.995847762 0.0196013544 -0.980746329 0.557685912 0.0163753536 -0.818059683 0.154196844 0.757518768 -0.98092109 0.242217168 0.953306 0.998423338 0.486707419 -0.000500152702 -0.571769297 0.739122927 0.585254133 0.862604618 0.813128769 0.376870066 -0.281648725 -0.999703348 0.92871356 0.858917356 -0.999978781]]
h =  [[-0.500718951 0.0773956105 -0.00675640255 0.0192811321 0.900889277 -0.949403584 0.0937940478 -0.105388232 0.999821305 0.0203539934 -0.957645297 0.935882866 0.6065557 -0.0295464713 0.128059447 -0.939182639 -0.344332576 0.982336402 0.928122938 0.00856983196 0.696809888 5.13177911e-05 -0.499986827 0.594474137 0.750225782 -0.628632963 -0.00695085386 0.980960906 -0.894387126 0.935817778 0.0138895893 -0.981447756 -1.29565888e-05 -0.00109029957 -0.031379234 -0.0672691762 0.494942814 -0.961805403 -0.999099135 0.0495789498 0.0195773467 -0.411445707 0.0317785814 0.0163339619 -0.0425646901 0.0146609563 0.743861556 -0.0736688748 0.235955268 0.504716 0.200996205 0.413810581 -0.000454890018 -0.00454635406 1.15865068e-05 0.237485856 0.833854318 0.00314962771 0.369619429 -0.0341018029 -0.00238377647 0.190749183 0.469094664 -0.792561471]]
################ STEP END ################ None

BACKWARD
################ STEP START ################ None
kernel =  [[-0.173975945 0.0371269882 ... -0.0888765678]
            ...
          [-0.0311837569 0.142672971 ... -0.0799466148]]
recurrent_kernel =  [[-0.0537441038 0.0910230801 ... -0.153307632]
                      ...
                    [-0.172064766 0.14650622 ... -0.0569128618]]
bias =  [[0.00497514382 0.0846421719 ... 0.029311223]
         [0.00497514382 0.0846421719 ... 0.0306027569]]
input_bias =  [0.00497514382 0.0846421719 ... 0.029311223]
recurrent_bias =  [0.00497514382 ... 0.0306027569]
cell_inputs =  [[2.94005227 1.59340334 0.651143193 0 1.25801563 0 0 1.0002234 3.68263268 3.6166966 2.76689863 2.90636492 1.55160475 2.82882142 1.35410297 1.39407909 2.01840949 3.69897246 0.215676621 4.9610219 3.4781189 1.29466581 3.97459626 2.76582384 2.17489839 2.37110734 2.36327696 2.7665596 0 3.34864306 2.28292418 2.10686278 3.73279858 1.80411124 3.61084318 0.375092179 0.907938659 1.98904157 5.10055113 1.68302846 3.37589812 2.39657807 3.0570755 3.09587789 0.830785275 0.556152 1.91689277 2.3446641 2.8232615 5.19384289 2.51104665 1.89767981 2.97232866 3.08329582 1.06611454 0.707317531 1.66915548 1.69555128 1.83459949 3.21037865 1.72239161 1.9492197 0.742589295 1.23893547]]
cell_states =  ([[0 0 0 0 0 0 0 0 0 0 0 0 0 0 0 0 0 0 0 0 0 0 0 0 0 0 0 0 0 0 0 0 0 0 0 0 0 0 0 0 0 0 0 0 0 0 0 0 0 0 0 0 0 0 0 0 0 0 0 0 0 0 0 0]],)
------------------------------------------- None
h_tm1 =  [[0 0 0 0 0 0 0 0 0 0 0 0 0 0 0 0 0 0 0 0 0 0 0 0 0 0 0 0 0 0 0 0 0 0 0 0 0 0 0 0 0 0 0 0 0 0 0 0 0 0 0 0 0 0 0 0 0 0 0 0 0 0 0 0]]
matrix_x (dot) =  [[-5.86646795 5.79412508 -0.498530269 -2.69597602 9.29074478 -5.77975416 4.54469824 3.74468231 1.73072052 -0.776079655 -1.98329806 -4.68082237 1.55560148 0.894120872 -3.20969653 -1.92897773 -5.92538881 2.4101212 0.358756334 5.85150051 1.37922645 -1.68033504 6.08772087 -2.4309485 4.5224247 -2.28235841 -3.00205 -6.50001335 -2.16975 -4.5319972 -3.26512599 2.21796322 -3.5629077 -4.92421865 3.23839879 -1.07684195 -3.28933501 6.44224644 0.65723592 6.80519724 -2.34404755 -1.13057911 -3.87774014 11.4247723 4.42561626 -4.30136061 0.680636764 -1.11186469 -0.0595383495 4.25748062 0.0152402595 -0.354457855 7.96172619 -4.26863575 -2.78766298 -5.35933208 3.14316392 -2.49849272 -2.27982664 9.44778061 -5.01206398 -2.5382154 -3.1539278 -4.74688864 3.67537069 -3.72129941 2.30391 -2.42705679 1.5846734 0.865155041 3.47456264 6.03271389 6.94207621 -5.14925432 -5.72334385 -1.31451583 -3.1152091 2.59991336 -1.01982975 3.08455133 1.03564608 -0.992375553 0.101525247 -3.05840659 -5.72367096 3.0703249 -1.18292594 2.04339027 3.80231547 5.39751482 4.940413 -0.0691632107 -0.0433947146 -2.72591686 5.68100548 4.20004892 1.85505784 -6.54892 -5.24352884 -2.93166447 2.90247464 1.22545898 -3.44562483 3.91045785 -2.82629156 1.94466174 -1.93571913 -3.67684674 -0.192626759 2.32394958 0.474669814 -6.06868029 -3.95783901 -0.599026561 1.31401849 -0.0588877201 1.60347521 4.02787638 -1.56296599 -1.18728518 4.08619595 -4.47429371 4.15779209 2.63268733 -4.40045357 5.02748775 -4.64979172 2.38081932 -0.567145586 1.52094209 -1.667081 -1.6232239 1.96777332 -1.62859225 1.56298161 0.787180066 0.143327117 1.24153757 -0.292064488 -1.49725068 -0.0363605917 -1.55827773 -2.45033932 1.83047295 0.644304276 -0.66399461 1.65830803 -1.69935834 -0.165781647 -7.71494198 3.28846359 -0.669024467 0.163681328 0.417498 2.0750339 -1.08857298 -0.26264 0.399676085 -5.57364368 -0.263319075 -0.677779734 0.356903791 0.91381526 -0.183588907 -0.0793668926 -5.23030758e-05 0.0675138682 -0.248073205 0.414171308 0.025774084 1.18252218 4.00114059 -0.985011935 0.384779 1.15098429 0.489026755 -1.70840359 3.09651017 -3.0754528 -2.78565454 3.97683382 -1.53260779 1.27373385 0.493109345 -2.05065536 0.834288359 0.444967806 4.20138121 -0.920295775 0.73969388 -0.605367124 4.39207077]]
matrix_x (bias_add) =  [[-5.86149263 5.87876701 -0.48866123 -2.6995883 9.36787319 -5.78254318 4.58372879 3.79755402 1.72982526 -0.807596385 -1.99166691 -4.71727753 1.58443415 0.908074 -3.22442818 -1.93413007 -5.94203711 2.48667669 0.365434855 5.90253401 1.38681567 -1.72504938 6.12162638 -2.43635941 4.54897785 -2.27088261 -2.99015141 -6.54207468 -2.1762538 -4.5621314 -3.30383039 2.29093075 -3.54882669 -4.94451 3.26553845 -1.06970561 -3.28442216 6.49796581 0.634595096 6.87766647 -2.34673333 -1.13776112 -3.8943181 11.4848576 4.47105169 -4.31557417 0.676581442 -1.0765518 -0.0456502698 4.290308 0.0188167822 -0.352359056 8.01877308 -4.2572403 -2.80053759 -5.3866806 3.23327851 -2.49479032 -2.26554513 9.47976685 -5.06267452 -2.55110407 -3.15141845 -4.79003477 3.68724203 -3.74356699 2.34563184 -2.45465159 1.581393 0.876908 3.50014186 6.06594276 6.99656 -5.18813038 -5.7214427 -1.27729023 -3.13856673 2.64466047 -1.0243417 3.07172394 1.03687835 -0.988034666 0.101585977 -3.06664324 -5.70722675 3.09996843 -1.17842126 2.03293419 3.8186245 5.43058586 4.98666954 -0.0652298108 -0.0582120679 -2.74353695 5.70987177 4.24234152 1.87515438 -6.52693605 -5.23710966 -2.94225907 2.90424824 1.24216938 -3.42896104 3.92220592 -2.83692193 1.947312 -1.94448674 -3.67772579 -0.206911504 2.3508544 0.456491262 -6.057127 -3.97766733 -0.594880462 1.34387052 -0.0463188402 1.62722456 4.06382608 -1.53631294 -1.16219831 4.11287832 -4.46088839 4.17101955 2.65153432 -4.43609285 5.00589085 -4.6575 2.41069 -0.572538257 1.52547562 -1.64016378 -1.61032963 1.98740363 -1.65061212 1.58207822 0.767436087 0.181390256 1.24729931 -0.30947262 -1.46642351 -0.0575369708 -1.54332709 -2.48262072 1.88487613 0.626594305 -0.659217656 1.64337742 -1.70294321 -0.169700772 -7.7513504 3.28497481 -0.650799453 0.18013224 0.394757926 2.0309236 -1.12588179 -0.282821 0.434043884 -5.61457 -0.290645599 -0.711890817 0.368365645 0.911153078 -0.21350497 -0.102818519 0.0240510739 0.0445134714 -0.236185655 0.403232455 0.0364094898 1.20745528 4.00363636 -0.979183495 0.358223677 1.18514466 0.453601182 -1.70764303 3.11951733 -3.05549288 -2.80615091 4.00592804 -1.56741345 1.2984854 0.471695364 -2.0496912 0.841267288 0.448940217 4.22363091 -0.925012231 0.756696 -0.621660709 4.42138195]]
tf.split =  [[[-5.86149263 5.87876701 -0.48866123 -2.6995883 9.36787319 -5.78254318 4.58372879 3.79755402 1.72982526 -0.807596385 -1.99166691 -4.71727753 1.58443415 0.908074 -3.22442818 -1.93413007 -5.94203711 2.48667669 0.365434855 5.90253401 1.38681567 -1.72504938 6.12162638 -2.43635941 4.54897785 -2.27088261 -2.99015141 -6.54207468 -2.1762538 -4.5621314 -3.30383039 2.29093075 -3.54882669 -4.94451 3.26553845 -1.06970561 -3.28442216 6.49796581 0.634595096 6.87766647 -2.34673333 -1.13776112 -3.8943181 11.4848576 4.47105169 -4.31557417 0.676581442 -1.0765518 -0.0456502698 4.290308 0.0188167822 -0.352359056 8.01877308 -4.2572403 -2.80053759 -5.3866806 3.23327851 -2.49479032 -2.26554513 9.47976685 -5.06267452 -2.55110407 -3.15141845 -4.79003477]], [[3.68724203 -3.74356699 2.34563184 -2.45465159 1.581393 0.876908 3.50014186 6.06594276 6.99656 -5.18813038 -5.7214427 -1.27729023 -3.13856673 2.64466047 -1.0243417 3.07172394 1.03687835 -0.988034666 0.101585977 -3.06664324 -5.70722675 3.09996843 -1.17842126 2.03293419 3.8186245 5.43058586 4.98666954 -0.0652298108 -0.0582120679 -2.74353695 5.70987177 4.24234152 1.87515438 -6.52693605 -5.23710966 -2.94225907 2.90424824 1.24216938 -3.42896104 3.92220592 -2.83692193 1.947312 -1.94448674 -3.67772579 -0.206911504 2.3508544 0.456491262 -6.057127 -3.97766733 -0.594880462 1.34387052 -0.0463188402 1.62722456 4.06382608 -1.53631294 -1.16219831 4.11287832 -4.46088839 4.17101955 2.65153432 -4.43609285 5.00589085 -4.6575 2.41069]], [[-0.572538257 1.52547562 -1.64016378 -1.61032963 1.98740363 -1.65061212 1.58207822 0.767436087 0.181390256 1.24729931 -0.30947262 -1.46642351 -0.0575369708 -1.54332709 -2.48262072 1.88487613 0.626594305 -0.659217656 1.64337742 -1.70294321 -0.169700772 -7.7513504 3.28497481 -0.650799453 0.18013224 0.394757926 2.0309236 -1.12588179 -0.282821 0.434043884 -5.61457 -0.290645599 -0.711890817 0.368365645 0.911153078 -0.21350497 -0.102818519 0.0240510739 0.0445134714 -0.236185655 0.403232455 0.0364094898 1.20745528 4.00363636 -0.979183495 0.358223677 1.18514466 0.453601182 -1.70764303 3.11951733 -3.05549288 -2.80615091 4.00592804 -1.56741345 1.2984854 0.471695364 -2.0496912 0.841267288 0.448940217 4.22363091 -0.925012231 0.756696 -0.621660709 4.42138195]]]
x_z =  [[-5.86149263 5.87876701 -0.48866123 -2.6995883 9.36787319 -5.78254318 4.58372879 3.79755402 1.72982526 -0.807596385 -1.99166691 -4.71727753 1.58443415 0.908074 -3.22442818 -1.93413007 -5.94203711 2.48667669 0.365434855 5.90253401 1.38681567 -1.72504938 6.12162638 -2.43635941 4.54897785 -2.27088261 -2.99015141 -6.54207468 -2.1762538 -4.5621314 -3.30383039 2.29093075 -3.54882669 -4.94451 3.26553845 -1.06970561 -3.28442216 6.49796581 0.634595096 6.87766647 -2.34673333 -1.13776112 -3.8943181 11.4848576 4.47105169 -4.31557417 0.676581442 -1.0765518 -0.0456502698 4.290308 0.0188167822 -0.352359056 8.01877308 -4.2572403 -2.80053759 -5.3866806 3.23327851 -2.49479032 -2.26554513 9.47976685 -5.06267452 -2.55110407 -3.15141845 -4.79003477]]
x_r =  [[3.68724203 -3.74356699 2.34563184 -2.45465159 1.581393 0.876908 3.50014186 6.06594276 6.99656 -5.18813038 -5.7214427 -1.27729023 -3.13856673 2.64466047 -1.0243417 3.07172394 1.03687835 -0.988034666 0.101585977 -3.06664324 -5.70722675 3.09996843 -1.17842126 2.03293419 3.8186245 5.43058586 4.98666954 -0.0652298108 -0.0582120679 -2.74353695 5.70987177 4.24234152 1.87515438 -6.52693605 -5.23710966 -2.94225907 2.90424824 1.24216938 -3.42896104 3.92220592 -2.83692193 1.947312 -1.94448674 -3.67772579 -0.206911504 2.3508544 0.456491262 -6.057127 -3.97766733 -0.594880462 1.34387052 -0.0463188402 1.62722456 4.06382608 -1.53631294 -1.16219831 4.11287832 -4.46088839 4.17101955 2.65153432 -4.43609285 5.00589085 -4.6575 2.41069]]
x_h =  [[-0.572538257 1.52547562 -1.64016378 -1.61032963 1.98740363 -1.65061212 1.58207822 0.767436087 0.181390256 1.24729931 -0.30947262 -1.46642351 -0.0575369708 -1.54332709 -2.48262072 1.88487613 0.626594305 -0.659217656 1.64337742 -1.70294321 -0.169700772 -7.7513504 3.28497481 -0.650799453 0.18013224 0.394757926 2.0309236 -1.12588179 -0.282821 0.434043884 -5.61457 -0.290645599 -0.711890817 0.368365645 0.911153078 -0.21350497 -0.102818519 0.0240510739 0.0445134714 -0.236185655 0.403232455 0.0364094898 1.20745528 4.00363636 -0.979183495 0.358223677 1.18514466 0.453601182 -1.70764303 3.11951733 -3.05549288 -2.80615091 4.00592804 -1.56741345 1.2984854 0.471695364 -2.0496912 0.841267288 0.448940217 4.22363091 -0.925012231 0.756696 -0.621660709 4.42138195]]
matrix_inner (dot) =  [[0 0 0 0 0 0 0 0 0 0 0 0 0 0 0 0 0 0 0 0 0 0 0 0 0 0 0 0 0 0 0 0 0 0 0 0 0 0 0 0 0 0 0 0 0 0 0 0 0 0 0 0 0 0 0 0 0 0 0 0 0 0 0 0 0 0 0 0 0 0 0 0 0 0 0 0 0 0 0 0 0 0 0 0 0 0 0 0 0 0 0 0 0 0 0 0 0 0 0 0 0 0 0 0 0 0 0 0 0 0 0 0 0 0 0 0 0 0 0 0 0 0 0 0 0 0 0 0 0 0 0 0 0 0 0 0 0 0 0 0 0 0 0 0 0 0 0 0 0 0 0 0 0 0 0 0 0 0 0 0 0 0 0 0 0 0 0 0 0 0 0 0 0 0 0 0 0 0 0 0 0 0 0 0 0 0 0 0 0 0 0 0]]
matrix_inner (bias_add) =  [[0.00497514382 0.0846421719 0.00986904744 -0.00361230969 0.077128537 -0.00278892461 0.0390306823 0.05287176 -0.000895256468 -0.0315167308 -0.00836886838 -0.0364549644 0.0288326591 0.0139531437 -0.0147315795 -0.00515228976 -0.0166482236 0.0765553936 0.00667851837 0.0510336459 0.00758927129 -0.0447143763 0.0339053385 -0.00541079929 0.0265532937 0.0114758583 0.0118984235 -0.0420615561 -0.00650386093 -0.0301344357 -0.0387044288 0.0729675367 0.0140809324 -0.0202911887 0.0271396 0.00713637937 0.00491283322 0.0557191893 -0.0226408094 0.0724690855 -0.00268574734 -0.00718198624 -0.0165779572 0.0600851737 0.0454353839 -0.0142133385 -0.00405533705 0.0353129171 0.0138880787 0.0328272171 0.00357652293 0.00209879596 0.0570464358 0.0113953687 -0.012874648 -0.0273486301 0.0901146457 0.00370238535 0.0142814694 0.0319862403 -0.050610505 -0.012888643 0.00250941631 -0.0431459807 0.0118712243 -0.0222674683 0.0417218171 -0.0275947489 -0.00328039215 0.011752937 0.0255793091 0.0332288593 0.0544839539 -0.0388762243 0.00190106302 0.0372255519 -0.0233577099 0.0447472 -0.00451201061 -0.0128272809 0.00123223243 0.00434091175 6.07312177e-05 -0.00823665131 0.0164441653 0.0296435189 0.00450472627 -0.0104561495 0.0163089316 0.0330708325 0.0462567098 0.00393339759 -0.0148173524 -0.0176199917 0.0288662575 0.0422926061 0.0200965 0.0219841264 0.00641939836 -0.010594652 0.00177349744 0.016710382 0.0166638605 0.0117480606 -0.0106303906 0.00265031098 -0.0087676 -0.000878955878 -0.0142847449 0.026904704 -0.0181785617 0.0115533611 -0.0198283177 0.0041461 0.0298520215 0.0125688808 0.0237493869 0.0359495282 0.0266530905 0.0250869151 0.0266823042 0.0134053 0.0132274888 0.0188469253 -0.0356392786 -0.0215969011 -0.00770792179 0.0298706647 0.00521172909 -0.0191897489 0.0105864611 0.0281500798 0.0213768762 -0.0336615928 0.0298322383 -0.0137251578 0.0354572125 0.0148650836 -0.035838183 0.0602819249 0.00459625805 0.0114270588 -0.0243598018 0.0386344679 -0.0177594144 -0.0166116916 -0.0129683437 0.00927852 -0.0229702815 -0.0431916453 0.00835538842 0.00702814572 0.0149122579 -0.0188002102 -0.0449415706 -0.017902229 -0.0206244253 0.0127388164 -0.0377592109 -0.0256730672 -0.0292914212 0.0417392179 -0.0124979056 -0.0436820351 -0.0180775765 0.0169335585 -0.050558947 0.00923907571 -0.0226338562 0.000702082471 0.00207988662 0.00332942884 0.0036266041 -0.0206392258 0.0177918524 -0.085385479 -0.018772725 0.0180892609 0.0155246286 -0.0340321548 0.0301329661 -0.020986516 0.0449169427 -0.0179370418 -0.000548628508 0.0220749602 -0.00068728684 0.0276509766 0.020437846 0.0158521105 -0.0310826488 0.0306027569]]
recurrent_z =  [[0.00497514382 0.0846421719 0.00986904744 -0.00361230969 0.077128537 -0.00278892461 0.0390306823 0.05287176 -0.000895256468 -0.0315167308 -0.00836886838 -0.0364549644 0.0288326591 0.0139531437 -0.0147315795 -0.00515228976 -0.0166482236 0.0765553936 0.00667851837 0.0510336459 0.00758927129 -0.0447143763 0.0339053385 -0.00541079929 0.0265532937 0.0114758583 0.0118984235 -0.0420615561 -0.00650386093 -0.0301344357 -0.0387044288 0.0729675367 0.0140809324 -0.0202911887 0.0271396 0.00713637937 0.00491283322 0.0557191893 -0.0226408094 0.0724690855 -0.00268574734 -0.00718198624 -0.0165779572 0.0600851737 0.0454353839 -0.0142133385 -0.00405533705 0.0353129171 0.0138880787 0.0328272171 0.00357652293 0.00209879596 0.0570464358 0.0113953687 -0.012874648 -0.0273486301 0.0901146457 0.00370238535 0.0142814694 0.0319862403 -0.050610505 -0.012888643 0.00250941631 -0.0431459807]]
recurrent_r =  [[0.0118712243 -0.0222674683 0.0417218171 -0.0275947489 -0.00328039215 0.011752937 0.0255793091 0.0332288593 0.0544839539 -0.0388762243 0.00190106302 0.0372255519 -0.0233577099 0.0447472 -0.00451201061 -0.0128272809 0.00123223243 0.00434091175 6.07312177e-05 -0.00823665131 0.0164441653 0.0296435189 0.00450472627 -0.0104561495 0.0163089316 0.0330708325 0.0462567098 0.00393339759 -0.0148173524 -0.0176199917 0.0288662575 0.0422926061 0.0200965 0.0219841264 0.00641939836 -0.010594652 0.00177349744 0.016710382 0.0166638605 0.0117480606 -0.0106303906 0.00265031098 -0.0087676 -0.000878955878 -0.0142847449 0.026904704 -0.0181785617 0.0115533611 -0.0198283177 0.0041461 0.0298520215 0.0125688808 0.0237493869 0.0359495282 0.0266530905 0.0250869151 0.0266823042 0.0134053 0.0132274888 0.0188469253 -0.0356392786 -0.0215969011 -0.00770792179 0.0298706647]]
recurrent_h =  [[0.00521172909 -0.0191897489 0.0105864611 0.0281500798 0.0213768762 -0.0336615928 0.0298322383 -0.0137251578 0.0354572125 0.0148650836 -0.035838183 0.0602819249 0.00459625805 0.0114270588 -0.0243598018 0.0386344679 -0.0177594144 -0.0166116916 -0.0129683437 0.00927852 -0.0229702815 -0.0431916453 0.00835538842 0.00702814572 0.0149122579 -0.0188002102 -0.0449415706 -0.017902229 -0.0206244253 0.0127388164 -0.0377592109 -0.0256730672 -0.0292914212 0.0417392179 -0.0124979056 -0.0436820351 -0.0180775765 0.0169335585 -0.050558947 0.00923907571 -0.0226338562 0.000702082471 0.00207988662 0.00332942884 0.0036266041 -0.0206392258 0.0177918524 -0.085385479 -0.018772725 0.0180892609 0.0155246286 -0.0340321548 0.0301329661 -0.020986516 0.0449169427 -0.0179370418 -0.000548628508 0.0220749602 -0.00068728684 0.0276509766 0.020437846 0.0158521105 -0.0310826488 0.0306027569]]
x_z + recurrent_z =  [[-5.85651731 5.96340942 -0.478792191 -2.70320058 9.4450016 -5.7853322 4.62275934 3.85042572 1.72893 -0.839113116 -2.00003576 -4.75373268 1.61326683 0.922027171 -3.23915982 -1.93928242 -5.9586854 2.56323218 0.372113377 5.9535675 1.39440489 -1.76976371 6.15553188 -2.44177032 4.57553101 -2.25940681 -2.97825289 -6.58413601 -2.18275762 -4.59226561 -3.34253478 2.36389828 -3.53474569 -4.96480131 3.29267812 -1.06256926 -3.27950931 6.55368519 0.611954272 6.95013571 -2.34941912 -1.14494312 -3.91089606 11.5449429 4.51648712 -4.32978773 0.672526121 -1.0412389 -0.0317621902 4.32313538 0.0223933049 -0.350260258 8.07582 -4.24584484 -2.81341219 -5.41402912 3.32339311 -2.49108791 -2.25126362 9.51175308 -5.11328506 -2.56399274 -3.14890909 -4.8331809]]
z =  [[0.00285302824 0.997435451 0.382537395 0.0627847686 0.999920905 0.00306287967 0.990269959 0.979172349 0.849275529 0.301721573 0.119199164 0.00854580104 0.83386445 0.715454936 0.0377183743 0.125726715 0.00257664965 0.928457439 0.59196949 0.997410178 0.801294506 0.145571724 0.997882783 0.0800424591 0.989804208 0.0945411399 0.0484180637 0.00138021342 0.101309583 0.0100282962 0.0341404751 0.914032638 0.0283396132 0.0069309636 0.964176774 0.256818771 0.0362808667 0.998577178 0.648386478 0.999042392 0.0871119574 0.241413936 0.0196295194 0.999990344 0.989190757 0.0129991397 0.662068546 0.260911018 0.492060125 0.986915231 0.505598128 0.413319319 0.999689102 0.0141213592 0.0566036962 0.00443391223 0.965222657 0.0764853209 0.0952405259 0.999926031 0.0059803077 0.0714920461 0.0411342867 0.00789827853]]
x_r + recurrent_r =  [[3.69911337 -3.76583457 2.38735366 -2.4822464 1.5781126 0.888660967 3.52572107 6.09917164 7.05104399 -5.22700644 -5.71954155 -1.24006462 -3.16192436 2.68940759 -1.02885365 3.05889654 1.03811061 -0.983693779 0.101646706 -3.07488 -5.69078255 3.12961197 -1.17391658 2.0224781 3.83493352 5.4636569 5.03292608 -0.0612964146 -0.0730294213 -2.76115704 5.73873806 4.28463411 1.89525092 -6.50495195 -5.23069048 -2.95285368 2.90602183 1.25887978 -3.41229725 3.933954 -2.8475523 1.94996226 -1.95325434 -3.67860484 -0.221196249 2.37775922 0.438312709 -6.04557371 -3.99749565 -0.590734363 1.37372255 -0.0337499604 1.65097392 4.09977579 -1.50965989 -1.13711143 4.1395607 -4.44748306 4.18424702 2.67038131 -4.47173214 4.98429394 -4.66520786 2.44056082]]
r =  [[0.975852072 0.0226245653 0.915857852 0.077112183 0.828937054 0.708613753 0.971410811 0.997760296 0.999134243 0.00534089748 0.00327048381 0.22442475 0.040623989 0.936398685 0.263306409 0.955165088 0.738485277 0.272159487 0.525389791 0.0441554114 0.00336558395 0.958097816 0.236147761 0.883137 0.97885406 0.995779872 0.993522525 0.484680712 0.481750727 0.0594596267 0.996791482 0.986408591 0.869353056 0.00149377808 0.00532136159 0.0496018119 0.948143303 0.77883321 0.0319133475 0.980809331 0.0548079833 0.875442505 0.124198936 0.0246359296 0.444925308 0.915115535 0.607856929 0.00236272602 0.0180304963 0.356466383 0.797980905 0.49156332 0.839022636 0.983693898 0.180989206 0.242851108 0.984319925 0.0115725072 0.984994888 0.935256124 0.011298392 0.993201911 0.00932943262 0.91986841]]
x_h + r * recurrent_h =  [[-0.567452371 1.52504146 -1.63046813 -1.60815895 2.00512362 -1.67446518 1.61105752 0.753741682 0.216816768 1.24737871 -0.309589833 -1.45289481 -0.0573502518 -1.53262687 -2.48903489 1.92177844 0.613479257 -0.663738668 1.63656402 -1.70253348 -0.169778079 -7.79273224 3.28694797 -0.644592643 0.194729164 0.376037061 1.98627317 -1.13455868 -0.292756826 0.43480134 -5.65220833 -0.315969735 -0.737355411 0.368428 0.911086559 -0.215671673 -0.119958654 0.0372394919 0.0428999662 -0.227123886 0.401991934 0.0370241217 1.2077136 4.00371838 -0.977569938 0.339336395 1.19595957 0.45339945 -1.70798147 3.1259656 -3.04310441 -2.82287979 4.03121042 -1.58805776 1.30661488 0.467339337 -2.05023122 0.841522753 0.448263258 4.24949169 -0.924781322 0.772440314 -0.621950686 4.44953251]]
hh =  [[-0.513485849 0.909572124 -0.926128209 -0.922887564 0.964387774 -0.932139516 0.923316181 0.637375951 0.213481963 0.847546935 -0.300063878 -0.896263719 -0.0572874509 -0.910873055 -0.986319482 0.958063602 0.546571612 -0.580846071 0.926990688 -0.935725033 -0.168165401 -0.999999583 0.997211277 -0.568018496 0.192304581 0.359260917 0.963044822 -0.812573791 -0.284670204 0.409326017 -0.999975443 -0.305858195 -0.627544701 0.352615923 0.721653402 -0.212388784 -0.119386539 0.0372222848 0.0428736657 -0.223297387 0.381652 0.0370072126 0.835992396 0.999334276 -0.752012074 0.326884806 0.832418084 0.424689323 -0.936399341 0.996153891 -0.995462298 -0.992960036 0.99937 -0.919850886 0.863416314 0.436047047 -0.967409849 0.686614811 0.420470327 0.999592662 -0.7281515 0.648346186 -0.552484751 0.99972707]]
h =  [[-0.512020826 0.00233264267 -0.571849585 -0.864944279 7.62786e-05 -0.929284453 0.0089839045 0.013275044 0.0321769565 0.591823757 -0.264296532 -0.888604403 -0.00951748248 -0.25918442 -0.949117124 0.83760941 0.545163274 -0.0415552147 0.378240496 -0.00242336118 -0.0334153883 -0.854427934 0.00211131223 -0.522552907 0.00196069735 0.325295985 0.916416049 -0.81145227 -0.255830377 0.405221164 -0.96583581 -0.0262938216 -0.609760344 0.350171953 0.0258519538 -0.157843351 -0.115055092 5.29607023e-05 0.0150749609 -0.000213831416 0.34840554 0.0280731544 0.819582224 9.64952415e-06 -0.00812868122 0.322635591 0.281300247 0.313883215 -0.475634575 0.0130344434 -0.492158413 -0.582550466 0.000310701958 -0.906861365 0.814543784 0.434113652 -0.0336439461 0.634098828 0.3804245 7.39392344e-05 -0.723796904 0.601994574 -0.529758692 0.991830945]]
################ STEP END ################ None


1/1 [==============================] - ETA: 0s
1/1 [==============================] - 1s 580ms/step
[[[
    FORWARD
    -0.50071895      0.07739561     -0.0067564026    0.019281132
    0.9008893      -0.9494036       0.09379405     -0.10538823
    0.9998213       0.020353993    -0.9576453       0.93588287
    0.6065557      -0.029546471     0.12805945     -0.93918264
   -0.34433258      0.9823364       0.92812294      0.008569832
    0.6968099       0.00005131779  -0.49998683      0.59447414
    0.7502258      -0.62863296     -0.006950854     0.9809609
   -0.8943871       0.9358178       0.013889589    -0.98144776
   -0.000012956589 -0.0010902996   -0.031379234    -0.067269176
    0.4949428      -0.9618054      -0.99909914      0.04957895
    0.019577347    -0.4114457       0.03177858      0.016333962
   -0.04256469      0.014660956     0.74386156     -0.073668875
    0.23595527      0.504716        0.2009962       0.41381058
   -0.00045489002  -0.004546354     0.000011586507  0.23748586
    0.8338543       0.0031496277    0.36961943     -0.034101803
   -0.0023837765    0.19074918      0.46909466     -0.7925615

    BACKWARD
   -0.5120208       0.0023326427   -0.5718496      -0.8649443
    0.0000762786   -0.92928445      0.0089839045    0.013275044
    0.032176957     0.59182376     -0.26429653     -0.8886044
   -0.0095174825   -0.25918442     -0.9491171       0.8376094
    0.5451633      -0.041555215     0.3782405      -0.0024233612
   -0.03341539     -0.85442793      0.0021113122   -0.5225529
    0.0019606974    0.32529598      0.91641605     -0.81145227
   -0.25583038      0.40522116     -0.9658358      -0.026293822
   -0.60976034      0.35017195      0.025851954    -0.15784335
   -0.11505509      0.000052960702  0.015074961    -0.00021383142
    0.34840554      0.028073154     0.8195822       0.000009649524
   -0.008128681     0.3226356       0.28130025      0.31388322
   -0.47563457      0.013034443    -0.4921584      -0.58255047
    0.00031070196  -0.90686136      0.8145438       0.43411365
   -0.033643946     0.6340988       0.3804245       0.000073939234
   -0.7237969       0.6019946      -0.5297587       0.99183095    
]]]
